5.27 226.83 1.905
5.74 230.80 1.39
6.23 231.20 1.40
6.73 229.88 1.38
7.22 229.61 1.24
7.82 229.91 0.90
8.19 228.86 0.735
8.78 226.50 1.01
9.27 226.20 0.67
9.76 225.94 0.47
10.26 225.68 0.42
10.75 224.73 0.395
11.25 224.02 0.435
11.75 223.86 0.395
12.25 222.23 0.44
12.74 220.77 0.50
13.23 220.92 0.485
13.74 217.47 0.575
14.24 217.31 0.715
14.74 217.60 0.665
15.22 217.07 0.93
15.74 217.38 0.955
16.24 216.14 1.34
16.74 212.52 1.41
17.25 216.41 1.645
17.75 213.70 1.935
18.24 207.89 1.82
18.74 209.60 2.54
19.22 206.45 2.45
19.71 201.91 2.625
20.27 199.84 3.02
20.78 198.14 3.35
21.24 195.30 6.245
21.80 213.67 13.78
22.14 176.97 23.575
22.73 193.11 23.345
23.66 176.63 17.705
24.82 198.42 6.31
29.605263157894736	190.59564950326015	1.4310601042939968
38.815789473684205	189.35667491317474	1.8581898186042622
48.026315789473685	188.3404992043783	2.291514572449753
57.236842105263165	185.51528991459443	2.6857840507870896
66.44736842105263	183.1910058577119	3.0786294306033093
75.65789473684211	183.19728937730756	3.4602110272492417
84.86842105263159	183.44795671750504	3.9549215769684203
94.07894736842105	188.2907252341346	4.474759511420166
103.28947368421053	181.46533462329313	4.725842229318228
112.5	182.4590373515811	5.10943266767371
121.71052631578948	179.79015838577388	5.657147956557294
130.92105263157896	190.6010161825164	6.289059132959572
140.13157894736844	177.16094237745736	6.377099441810158
149.34210526315792	176.87804066421643	6.5283242286860546
158.55263157894737	187.01102497606274	7.578736481440035
167.76315789473685	182.25483668663958	7.8608632279188155
176.97368421052633	183.2256955938515	8.173291680911493
186.1842105263158	188.01663882740266	8.45522421711415
195.39473684210526	182.20863728733298	8.774593786548495
241.44736842105263	184.32333345555813	4.23558396376554
303.2894736842105	185.9403936062679	5.429669400814046
365.13157894736844	182.82916474776084	6.046469018781497
426.97368421052636	176.72676589786923	7.1295052102464025
488.81578947368416	184.05009034434798	8.436384991255725
550.6578947368421	185.45641529666221	9.387619998642291
612.5	189.9597963641675	11.121222598405469
674.3421052631579	191.16762278168804	12.5565869401567
736.1842105263158	181.4312437171378	11.633843280632556
798.0263157894738	178.85589862972947	12.502339984898468
859.8684210526317	170.01195138717839	12.970272368463627
921.7105263157895	171.89547456924055	15.306207235454718
983.5526315789474	166.60349553099476	15.182753057237043
1045.3947368421052	190.19489879896736	18.218360465553687
1107.2368421052631	174.37994983844706	17.279016630292745
1169.078947368421	195.19466597982526	23.74461234019822